,start,end
0,741,925
1,1254,1485
2,1686,1885
3,1935,2086
4,2173,2310
5,2400,2682
6,2763,2878
7,3101,3349
8,3420,3536
9,3537,3636
10,3737,4048
11,4149,4248
12,4441,4728
13,4879,5028
14,5182,5324
15,5525,5624
16,5796,6001
17,6152,6251
18,6379,6689
19,6990,7089
20,7307,7648
21,8049,8248
22,8278,8570
23,8871,8970
24,9042,9383
25,9784,9883
26,10087,10233
27,10396,10511
28,10737,10959
29,11010,11159
30,11244,11363
31,11596,11986
32,12137,12236
33,12431,12687
34,12958,13075
35,13284,13507
36,13858,14007
37,14052,14367
38,14718,14817
39,14852,15161
40,15162,15361
41,15440,15560
42,15811,15910
43,15966,16100
44,16232,16357
45,16997,17115
46,17116,17215
47,17295,17426
48,17615,17737
49,17738,17837
50,17925,18300
51,18562,18678
52,18679,18778
53,18841,19152
54,19903,20002
55,20081,20228
56,20529,20678
57,20741,20950
58,21301,21450
59,21509,21869
60,22180,22309
61,22310,22409
62,22482,22789
63,23043,23165
64,23166,23265
65,23309,23563
66,23788,23912
67,24263,24362
68,24423,24571
69,24725,24872
70,25173,25272
71,25323,25442
72,25863,25994
73,26395,26494
74,26845,26994
75,27068,27275
76,27576,27725
77,27733,28108
78,28259,28408
79,28501,28690
80,28946,29062
81,29250,29596
82,29797,29896
83,29974,30155
84,30506,30705
85,30770,30902
86,31153,31252
87,31313,31602
88,31803,31902
89,31957,32268
90,32519,32618
91,32659,33000
92,33101,33200
93,33382,33503
94,33673,34026
95,34208,34327
96,34328,34427
97,34480,34677
98,34978,35077
99,35246,35422
100,35673,35872
101,35944,36063
102,36225,36345
103,36346,36445
104,36507,36899
105,37104,37223
106,37224,37373
107,37410,37544
108,37745,37844
109,37899,38239
110,38540,38639
111,38709,38888
112,39194,39312
113,39313,39462
114,39499,39673
115,39874,40023
116,40085,40255
117,40606,40722
118,40723,40822
119,40896,41217
120,41518,41667
121,41706,41852
122,42153,42252
123,42331,42565
124,42816,42965
125,43150,43439
126,43740,43889
127,43938,44243
128,44394,44543
129,44615,44733
130,44984,45083
131,45260,45535
132,45736,45935
133,46022,46323
134,46524,46623
135,46798,47101
136,47352,47451
137,47578,47744
138,47745,47844
139,48445,48544
140,48795,48994
141,49295,49394
142,49497,49816
