,start,end
0,755,928
1,1179,1361
2,1562,1711
3,1745,1997
4,2182,2383
5,2584,2683
6,2783,3188
7,3189,3338
8,3397,3706
9,3977,4306
10,4407,4506
11,4686,4809
12,4960,5059
13,5240,5415
14,5516,5615
15,5795,6021
16,6022,6121
17,6422,6521
18,6561,6885
19,7036,7135
20,7306,7602
21,7803,7902
22,7992,8290
23,8591,8690
24,8955,9084
25,9185,9284
26,9461,9600
27,9951,10050
28,10175,10546
29,10697,10796
30,10919,11146
31,11397,11496
32,11640,11779
33,12130,12229
34,12327,12717
35,12818,12917
36,12989,13227
37,13428,13577
38,13614,13765
39,13916,14065
40,14123,14483
41,14634,14733
42,15034,15183
43,15534,15633
44,15676,15814
45,16015,16114
46,16268,16619
47,16920,17069
48,17129,17417
49,17618,17817
50,17893,18027
51,18228,18377
52,18417,18600
53,18851,19000
54,19064,19381
55,19482,19581
56,19742,20019
57,20220,20369
58,20421,20641
59,20942,21041
60,21054,21309
61,21560,21659
62,21737,21871
63,22022,22221
64,22292,22416
65,22567,22666
66,22787,23058
67,23432,23614
68,23865,23964
69,24030,24330
70,24531,24630
71,24773,24903
72,25154,25303
73,25363,25689
74,25840,25989
75,26050,26240
76,26541,26690
77,26742,26902
78,27103,27252
79,27323,27621
80,27940,28226
81,28377,28476
82,28518,28808
83,29059,29158
84,29215,29533
85,29884,29983
86,30071,30265
87,30516,30615
88,30692,30827
89,31028,31127
90,31162,31316
91,31617,31716
92,31784,32087
93,32388,32487
94,32569,32698
95,32899,32998
96,33072,33398
97,33699,33798
98,33860,34025
99,34376,34475
100,34541,34698
101,34949,35048
102,35080,35277
103,35678,35777
104,35813,36106
105,36407,36556
106,36632,36751
107,37002,37151
108,37207,37424
109,37801,38132
110,38433,38532
111,38585,38879
112,39030,39229
113,39295,39417
114,39718,39817
115,39838,40120
116,40421,40520
117,40557,40762
118,41113,41212
119,41325,41632
120,41966,42271
121,42522,42671
122,42716,42834
123,43735,43984
124,44171,44493
